function y = PrG4f(x)
% Matlab Code by A. Hedar (Nov. 23, 2005).
y = 5.3578547*x(3)^2+0.8356891*x(1)*x(5)+37.293239*x(1)-40792.141;